-0.0710166,0,0.997504,0,0,1,0,0,-0.997504,0,-0.0710166,0,14.2856,0,-4.19057,1|
-0.110849,0,0.99387,0,0,1,0,0,-0.99387,0,-0.110849,0,15.3,0,-4.17723,1|
0.16813,0,0.985801,0,0,1,0,0,-0.985801,0,0.16813,0,13.3268,0,-5.11728,1|
