0.967641,0,-0.252361,0,0,1,0,0,0.252361,0,0.967641,0,14.5618,0,-5.02713,1|
0.990896,0,-0.134708,0,0,1,0,0,0.134708,0,0.990896,0,13.1751,0,-6.24203,1|
0.833789,0,0.55211,0,0,1,0,0,-0.55211,0,0.833789,0,14.5012,0,-5.58957,1|
0.999709,0,0.0248804,0,0,1,0,0,-0.0248804,0,0.999709,0,13.6067,0,-5.87598,1|
